53
56
69
80
0
0
0
76
65
61
60
61
61
61
73
90
82
86
91
82
77
76
76
88
76
77
76
75
75
77
82
87
83
97
104
79
81
83
93
88
82
82
83
85
82
83
83
83
90
105
107
102
104
94
88
87
89
104
117
108
107
110
120
122
113
112
112
112
111
111
111
111
110
110
110
110
109
109
109
110
110
110
110
112
119
119
106
106
110
121
123
115
112
112
111
111
111
110
110
110
110
110
110
111
0
0
0
111
111
111
110
109
109
109
107
107
108
108
108
109
109
109
115
111
111
111
111
111
112
127
123
113
110
112
112
112
111
111
111
111
111
111
111
111
112
112
112
112
111
112
112
112
111
116
115
112
113
113
113
113
112
112
111
111
109
103
102
113
112
111
111
111
112
114
113
112
112
111
112
107
108
111
111
111
110
110
110
111
116
114
113
117
112
111
111
110
110
110
110
110
110
110
111
111
111
111
111
112
112
113
0
0
0
0
0
112
119
118
113
115
116
113
113
113
113
115
116
115
114
114
114
114
115
115
115
115
114
114
113
113
113
113
113
119
117
114
114
115
115
115
114
114
113
112
113
114
114
115
114
115
115
115
113
114
114
112
112
114
113
112
112
113
109
112
110
109
121
128
121
121
117
120
120
123
120
115
121
123
117
105
101
106
115
120
116
116
116
115
115
115
115
115
114
115
115
115
115
115
115
114
114
0
0
0
0
0
0
114
132
126
118
117
116
116
116
116
117
117
116
116
116
115
115
115
114
114
114
114
114
114
114
113
114
114
115
115
114
114
114
114
114
114
115
115
115
115
115
115
114
114
114
114
114
114
114
114
114
113
114
111
109
113
112
113
113
113
113
113
113
113
114
114
114
113
113
112
112
112
112
112
112
112
112
112
112
112
111
111
111
111
114
115
112
112
112
112
112
111
112
112
111
111
111
111
110
110
110
111
111
110
110
109
111
120
111
111
109
113
126
155
112
99
108
102
104
108
107
110
110
108
104
104
119
134
120
119
115
122
119
114
110
106
102
109
111
124
134
120
113
114
114
114
114
114
113
113
113
113
113
112
112
118
117
113
113
112
112
112
111
112
112
113
113
113
113
113
113
113
113
114
114
114
114
114
114
114
114
113
114
114
116
115
115
115
114
114
113
114
114
114
113
111
112
115
115
0
0
0
0
115
114
114
114
114
114
114
115
115
114
114
114
114
114
114
113
113
113
113
115
120
114
115
114
114
113
113
113
116
120
114
114
110
117
122
121
119
116
116
116
115
114
114
113
113
113
113
113
113
113
113
113
113
114
114
113
113
114
114
114
115
115
115
114
109
112
114
117
128
116
116
116
116
116
115
115
115
115
115
114
114
114
114
113
113
114
114
114
112
112
113
114
124
132
119
116
116
116
116
0
0
0
115
115
115
115
115
115
115
115
115
115
115
115
115
115
116
115
115
117
117
117
117
117
116
116
116
116
116
116
116
115
116
116
116
116
116
116
116
115
114
117
116
115
115
115
115
115
115
115
115
115
115
113
114
109
115
123
115
115
115
114
115
115
115
115
115
114
114
115
115
115
115
115
116
116
116
116
115
114
113
113
113
113
114
114
113
113
113
114
114
113
113
114
114
114
113
113
114
114
114
114
114
114
113
131
129
107
105
113
118
119
119
114
114
114
114
114
113
113
113
113
113
113
113
113
113
113
113
113
113
112
112
112
111
111
111
56
38
48
90
181
193
155
115
116
116
115
110
109
109
112
113
112
112
112
113
170
143
99
97
108
113
111
112
112
112
111
111
106
106
110
110
112
112
108
94
118
116
110
133
124
114
124
131
114
113
115
115
115
114
0
0
0
112
113
114
114
114
114
114
116
119
115
115
115
115
114
118
115
116
116
115
114
112
113
113
113
113
114
110
107
113
112
114
120
122
120
119
121
130
123
116
114
113
114
115
114
114
114
112
111
112
112
112
113
113
115
118
115
119
114
129
139
120
111
114
128
135
124
119
118
119
118
118
117
116
114
114
115
115
115
115
115
116
116
116
116
116
116
115
115
115
120
123
125
120
115
116
117
117
117
117
116
117
117
116
116
118
120
119
118
116
116
116
116
116
111
57
4
5
6
112
199
183
156
135
119
120
135
131
115
113
116
116
115
113
110
112
113
117
118
115
115
114
124
154
154
142
107
112
117
113
112
118
118
118
118
110
109
114
112
123
149
137
152
111
103
110
113
102
105
120
117
106
108
151
223
169
98
93
115
128
137
118
108
113
117
119
147
128
121
117
112
118
110
110
115
116
116
116
116
116
115
118
124
117
154
0
0
0
222
249
256
228
210
190
184
227
260
256
234
208
208
222
227
212
204
197
194
199
205
225
214
195
91
0
0
0
0
0
9
53
95
98
100
103
118
123
123
122
121
113
112
120
120
123
131
124
119
108
106
116
117
117
117
117
117
118
118
118
118
118
122
121
119
119
118
118
118
117
118
119
119
119
118
119
119
119
119
119
119
119
119
118
118
118
119
119
119
119
118
118
118
117
117
117
0
0
0
117
117
117
117
117
117
116
116
118
117
117
127
136
132
124
121
122
116
113
103
98
109
118
125
122
117
117
117
116
116
116
116
116
116
116
116
116
116
127
117
117
117
118
118
118
118
118
118
120
137
131
122
138
196
220
213
214
221
221
219
213
200
199
214
219
212
221
208
206
197
192
181
155
51
50
9
19
78
98
87
49
62
66
111
92
95
92
111
125
126
125
109
109
101
102
110
131
154
0
0
0
0
0
118
84
115
97
107
112
112
113
115
111
105
110
123
126
121
114
114
114
92
77
141
128
115
114
114
114
114
113
113
116
114
114
113
113
112
112
111
111
111
111
111
111
111
110
85
58
120
148
144
126
113
111
111
109
106
108
109
110
110
111
111
111
111
111
110
111
111
111
111
110
110
109
109
109
109
109
110
110
110
111
111
110
110
109
109
109
109
109
109
109
109
109
111
126
119
113
113
113
0
0
0
0
111
111
108
110
110
110
110
110
110
110
110
109
109
117
117
118
112
112
111
111
111
111
111
59
58
139
127
114
110
111
111
111
111
111
111
111
111
113
118
112
112
112
113
113
113
112
112
112
112
112
112
112
112
112
112
113
123
119
114
114
112
113
113
112
112
112
112
112
113
113
113
113
112
112
112
117
113
113
113
111
112
112
112
112
112
113
113
113
104
105
119
155
183
102
95
93
0
0
0
107
109
104
99
65
138
133
113
142
129
105
98
105
109
111
111
111
114
112
112
111
111
111
111
112
113
112
113
113
113
113
113
113
113
114
114
113
113
112
115
116
114
114
114
114
114
114
113
113
114
114
113
113
113
113
113
113
112
112
113
113
113
113
113
112
112
113
116
114
113
113
113
112
112
112
112
112
112
112
112
113
116
114
113
113
113
113
113
113
111
112
115
114
113
113
113
113
113
113
0
0
0
0
0
0
0
0
0
0
0
45
109
123
126
119
132
122
117
116
113
113
113
111
110
113
113
113
113
113
113
113
113
113
113
113
113
113
113
113
113
113
114
115
115
114
114
116
117
115
115
115
115
115
117
121
116
116
115
115
114
113
111
113
114
114
114
127
133
117
117
119
121
124
120
117
119
119
118
116
119
119
110
99
112
110
111
115
114
114
116
119
117
115
115
115
115
115
115
116
116
115
0
0
0
114
114
114
114
114
114
114
114
113
113
114
114
115
119
114
114
114
114
114
114
114
113
113
114
114
113
113
113
113
115
116
114
114
114
113
113
113
114
114
114
114
111
111
112
112
113
113
113
113
113
113
114
114
114
113
113
113
113
114
114
114
114
114
114
114
114
115
118
114
114
114
114
117
120
111
109
114
114
114
126
125
116
116
115
114
114
114
114
114
113
110
114
114
114
114
113
113
111
111
112
70
60
128
145
119
0
0
0
115
114
113
113
113
113
113
113
113
113
113
113
113
113
113
113
113
115
115
115
115
115
115
115
115
115
115
115
115
114
114
114
113
113
112
110
118
152
163
118
105
106
112
115
111
108
121
145
121
107
116
123
118
116
114
112
115
115
114
114
113
113
117
118
115
125
144
150
149
186
212
199
213
223
256
221
202
197
198
211
236
213
193
195
208
217
223
215
199
194
197
197
232
224
204
204
200
206
209
210
210
229
229
229
258
232
207
197
215
188
198
213
212
222
205
207
208
203
201
204
206
203
221
240
243
208
208
211
204
219
226
218
222
227
217
220
216
214
210
215
206
205
227
238
223
224
211
227
227
213
211
218
219
218
222
216
216
201
206
215
228
240
227
214
236
223
197
205
218
231
233
225
210
206
212
216
218
216
216
221
225
223
213
207
217
217
222
233
229
208
206
200
213
215
231
225
220
209
210
0
0
0
216
229
228
217
207
205
208
225
226
218
212
229
220
218
218
218
212
219
223
209
202
202
209
245
248
216
205
208
215
218
223
223
214
217
216
215
214
222
224
228
232
231
221
206
199
211
218
240
211
200
200
217
219
225
220
220
228
211
217
281
241
197
204
200
206
215
222
220
225
239
233
225
203
197
205
214
220
227
226
222
217
208
209
217
207
213
235
231
223
211
201
209
217
230
230
216
241
238
223
0
0
0
0
228
233
221
221
220
215
203
207
224
213
210
208
213
221
228
232
231
229
218
229
235
219
212
205
206
216
236
239
220
207
215
234
224
215
212
221
226
223
215
217
210
251
230
212
221
205
198
215
215
204
202
215
240
230
211
209
202
212
208
210
226
229
225
216
215
220
222
215
215
214
212
231
213
213
216
208
221
225
220
217
216
214
216
216
219
220
206
216
220
226
236
230
225
217
205
202
214
216
216
220
214
220
211
211
221
217
206
228
211
221
226
237
226
219
231
230
238
228
231
206
205
200
197
245
72
206
241
222
220
209
200
202
207
213
214
197
199
215
208
208
210
208
213
223
204
205
217
210
227
261
229
234
228
199
192
209
253
242
222
223
213
194
188
205
223
230
206
201
196
204
213
231
249
233
218
202
209
214
212
226
213
207
201
205
209
247
250
219
218
214
221
225
217
217
215
212
219
209
209
210
213
0
0
0
216
217
220
217
213
211
215
220
215
208
230
225
203
201
202
210
221
305
253
191
182
215
217
223
202
200
199
206
209
226
235
223
220
198
211
214
214
219
229
226
222
245
255
228
73
237
260
233
228
232
209
217
218
217
211
207
202
200
211
210
206
232
237
228
221
214
213
216
220
234
224
205
200
203
205
233
235
233
226
221
228
216
204
218
227
213
207
210
217
237
218
218
212
219
228
217
214
213
215
0
0
0
209
217
208
224
239
239
226
200
207
217
221
245
226
200
205
201
212
214
212
218
218
236
236
209
189
190
173
203
231
230
236
230
208
237
222
213
190
198
209
214
225
232
227
216
209
215
211
204
211
209
208
217
211
225
221
215
217
221
216
201
207
221
241
233
221
226
214
205
208
224
227
249
270
258
225
194
205
203
212
200
192
198
212
211
227
218
216
219
215
220
204
205
214
226
225
227
214
213
215
0
0
0
0
218
206
211
211
210
206
214
222
236
237
227
219
209
212
217
217
206
215
216
220
220
212
224
222
224
218
221
216
226
214
213
213
209
240
227
218
214
207
215
213
213
215
210
220
214
221
222
205
211
211
222
226
223
208
212
221
216
216
217
214
214
230
220
204
204
204
211
237
224
220
218
213
215
215
215
211
210
209
205
205
230
244
237
230
223
215
215
225
222
220
218
218
209
205
231
226
210
218
230
225
220
216
0
0
0
225
234
223
210
211
202
213
212
218
202
204
217
217
195
216
217
213
205
203
207
218
212
221
221
208
211
209
222
217
219
228
232
208
212
230
227
214
213
223
235
224
216
218
213
208
210
213
215
209
216
207
210
210
208
222
225
226
217
221
222
218
209
219
206
217
220
206
214
213
224
215
214
224
221
217
222
224
212
218
207
210
226
282
245
209
211
213
211
216
206
210
213
209
225
216
224
220
215
55
180
254
231
0
0
0
230
207
199
214
221
216
225
222
215
222
226
218
221
206
203
202
205
211
213
219
224
219
225
220
212
210
226
235
218
253
282
234
231
239
236
210
188
213
227
219
189
193
309
220
196
193
204
208
273
214
232
238
220
202
200
201
225
209
203
201
233
217
217
216
210
212
205
192
203
231
235
235
209
202
198
204
221
224
224
216
215
212
221
215
212
203
204
204
213
241
208
228
244
230
210
207
208
222
0
0
0
0
214
200
204
207
217
230
239
214
199
206
215
214
226
220
214
225
204
205
218
229
212
223
224
222
217
215
208
220
221
215
201
212
205
210
190
185
192
230
237
233
223
222
207
206
199
198
207
207
220
221
231
244
230
221
218
214
211
216
222
205
204
210
210
222
221
222
211
211
213
214
221
219
226
230
237
206
211
220
218
217
213
218
216
218
218
228
211
209
201
208
224
214
218
215
219
211
207
0
0
0
214
214
211
206
204
204
208
206
214
218
226
229
224
218
215
215
210
210
210
215
219
213
212
213
216
228
206
212
214
213
214
205
209
211
203
203
218
234
249
226
209
198
199
214
214
217
217
223
208
207
208
243
232
228
218
209
206
212
214
215
215
212
222
222
219
210
215
221
219
226
203
204
212
213
306
253
221
199
201
203
198
219
211
192
206
227
228
230
259
251
260
227
226
229
205
231
230
219
0
0
0
201
217
222
221
215
209
203
208
227
223
213
213
216
222
215
13
184
250
226
234
237
229
223
216
213
209
224
219
212
203
202
203
203
235
236
229
210
211
212
222
215
221
227
226
207
205
203
213
224
223
211
205
221
204
202
217
230
224
222
228
209
202
209
197
212
219
208
202
232
257
223
216
207
208
211
212
222
209
201
215
227
223
215
214
225
233
221
217
209
212
208
205
213
207
203
219
216
210
210
0
0
0
223
216
211
200
200
213
221
223
226
232
233
223
219
225
223
228
218
210
223
213
201
209
208
176
152
246
260
247
229
221
211
217
210
206
205
202
219
223
223
213
213
208
217
219
213
208
217
214
218
208
215
212
213
208
201
222
218
220
226
218
215
216
216
208
217
207
217
208
216
212
226
219
210
215
215
215
218
220
208
203
205
201
219
233
215
197
210
218
217
240
216
206
200
202
232
251
0
0
0
215
230
226
217
216
216
207
205
202
199
204
221
237
238
234
227
219
219
212
212
209
219
219
209
202
201
229
216
199
202
213
223
226
222
253
237
223
223
247
219
211
198
219
203
203
222
220
214
219
220
215
214
209
202
209
207
209
219
211
225
215
212
214
216
225
227
213
204
201
197
204
229
234
233
236
227
215
211
218
217
210
214
202
212
213
210
219
246
215
218
226
226
219
222
221
203
231
237
209
0
0
0
214
221
220
223
217
214
217
213
204
202
199
208
219
221
228
228
216
217
217
217
218
218
212
254
217
203
191
208
214
212
209
234
225
218
218
216
209
204
212
228
209
115
0
0
0
128
165
202
202
207
210
209
208
219
223
223
213
211
199
196
194
202
210
210
218
217
211
211
185
193
197
207
247
308
298
241
230
220
219
232
220
223
234
214
201
204
222
233
249
233
225
241
228
219
220
201
198
220
0
0
0
221
228
227
231
230
240
259
234
218
210
212
209
212
217
227
236
239
221
208
221
226
224
221
227
223
215
206
208
214
210
218
213
202
218
218
216
229
231
211
207
210
223
228
220
222
218
218
211
212
214
216
222
225
209
206
234
210
214
246
226
230
203
188
197
214
204
203
215
217
221
208
213
205
216
235
226
225
216
213
211
221
210
192
217
227
215
205
225
228
234
224
211
232
211
207
214
226
232
200
225
225
219
261
254
289
246
227
194
173
184
215
248
218
186
193
196
199
219
228
225
243
229
219
214
216
216
212
205
210
220
202
224
211
213
210
226
226
223
220
217
218
209
207
204
206
215
218
221
216
215
221
217
219
222
217
212
205
209
214
215
213
217
214
200
212
227
219
217
216
215
214
215
224
230
222
205
201
188
206
222
226
227
225
218
215
209
207
220
202
203
207
225
223
216
223
216
214
214
214
213
207
214
204
203
0
0
0
213
227
230
219
215
213
229
228
204
201
193
202
215
211
217
231
225
224
223
218
213
212
213
216
216
213
213
206
214
225
237
235
227
218
218
220
234
236
225
219
220
223
228
241
260
265
242
266
257
224
230
235
218
218
224
232
252
237
226
210
218
246
223
226
213
218
216
239
237
235
228
228
229
219
222
231
255
251
250
236
223
221
227
223
223
229
237
245
245
231
229
227
234
250
245
238
0
0
0
0
236
225
226
218
217
223
250
247
234
224
232
235
233
233
233
218
218
229
237
238
230
234
228
235
232
232
234
234
221
217
218
220
247
247
236
217
223
222
236
230
238
247
232
232
227
219
227
226
242
234
245
235
219
214
229
230
228
218
219
221
233
242
248
244
246
248
230
227
231
229
215
225
225
213
223
248
256
252
249
224
222
224
226
224
239
291
324
232
205
225
211
206
220
217
201
200
210
254
234
223
231
219
205
209
224
244
238
234
229
232
215
238
231
290
258
236
214
210
204
219
297
270
245
234
233
228
228
218
221
228
218
227
226
231
221
251
236
240
236
219
220
219
237
237
263
251
249
239
227
225
228
230
233
232
219
221
255
238
236
216
217
222
227
233
235
237
231
237
242
220
220
227
241
247
247
247
227
225
225
230
233
224
233
228
231
240
238
239
230
243
235
235
232
233
229
244
235
234
224
240
251
235
223
0
0
0
0
237
236
253
248
230
245
221
228
250
228
229
231
235
229
220
224
221
215
218
217
237
240
228
230
227
229
230
230
233
229
224
236
220
220
244
247
260
259
235
233
234
228
231
233
230
221
237
233
253
245
230
235
233
236
241
228
224
233
223
218
227
225
241
246
235
232
233
232
235
234
225
225
228
229
217
220
233
239
228
245
234
233
233
230
223
219
261
250
245
244
247
236
248
225
220
223
224
220
219
237
0
0
0
231
242
243
231
240
232
229
231
250
248
220
232
250
228
219
235
245
237
225
231
233
233
233
245
248
249
242
234
237
227
223
234
232
234
233
232
225
218
219
231
233
228
244
233
235
235
232
235
235
231
230
223
217
232
237
234
233
232
225
240
232
228
231
238
238
239
224
218
219
215
217
230
257
243
233
232
228
220
222
226
242
232
230
233
228
232
242
234
231
231
220
221
225
230
219
242
253
247
247
244
241
222
225
236
238
233
240
226
220
220
226
255
247
243
233
226
239
168
85
258
278
275
255
232
226
229
234
232
221
216
213
227
245
247
242
245
228
225
225
227
216
219
218
247
250
239
248
224
223
234
232
226
231
228
220
221
209
201
223
272
214
198
196
212
240
231
237
226
234
237
219
231
235
233
222
211
213
193
188
173
211
237
250
322
260
211
213
212
212
224
222
227
218
221
223
223
0
0
0
232
239
232
222
214
224
234
231
226
226
221
223
295
215
224
234
213
201
205
215
212
201
207
189
213
204
220
226
209
198
202
219
210
194
201
275
236
226
218
210
206
230
241
297
256
220
198
198
214
231
241
241
234
225
220
239
263
251
228
216
217
237
238
233
233
223
221
257
260
244
243
217
216
216
218
243
236
233
236
227
230
235
234
224
228
221
226
226
246
249
244
238
243
255
243
246
253
242
0
0
0
240
231
220
228
250
243
241
235
236
228
224
233
235
232
246
224
239
232
239
233
236
231
217
223
238
235
225
225
225
224
232
250
228
231
229
219
214
217
237
253
259
223
215
219
251
256
252
234
218
219
226
246
243
247
231
228
226
242
242
230
236
234
233
230
222
217
222
233
255
239
251
229
216
219
232
259
247
234
223
227
230
218
221
221
271
249
235
231
232
227
227
217
219
229
242
249
251
262
231
241
229
209
227
236
241
250
248
220
217
215
230
230
246
243
248
237
238
229
223
221
221
222
240
244
252
237
222
225
227
232
232
230
215
228
266
306
261
221
205
184
204
273
267
233
231
228
220
222
230
217
235
247
263
238
222
228
232
232
232
233
233
224
225
218
217
221
228
248
269
267
251
235
224
219
221
232
224
227
231
220
221
228
225
245
234
232
232
228
227
228
231
222
236
233
237
243
237
232
0
0
0
229
220
219
235
259
231
233
237
222
223
231
235
247
234
227
219
217
219
225
237
237
229
225
232
236
235
232
232
233
221
217
215
219
234
248
254
244
239
233
232
228
229
223
221
223
222
230
244
241
224
215
229
230
235
267
297
220
209
225
249
254
236
207
210
238
235
227
216
193
246
245
231
225
216
205
216
227
217
198
227
270
240
219
220
213
212
227
218
215
234
237
268
235
241
249
226
219
253
262
261
226
218
209
210
233
232
244
231
234
234
229
245
258
235
225
235
234
234
230
223
231
234
235
230
230
240
231
233
216
219
220
233
238
229
228
229
229
228
218
219
231
263
234
233
239
204
230
240
229
230
234
233
220
244
227
227
226
227
228
235
233
207
226
228
239
236
227
236
220
226
233
230
232
222
249
245
250
234
231
223
219
220
224
228
229
229
245
239
239
233
230
229
230
0
0
0
0
234
234
223
220
226
240
240
232
232
230
220
217
217
228
226
227
247
234
222
214
213
227
230
229
231
227
224
221
230
240
249
244
238
238
231
232
234
235
222
213
220
234
251
237
245
237
232
246
227
247
235
227
218
227
225
224
250
245
243
236
235
235
226
231
219
213
203
254
272
213
188
187
191
211
261
241
263
229
248
240
220
213
217
209
207
242
293
241
224
226
230
230
220
214
216
231
220
217
0
0
0
244
234
232
231
227
227
222
219
212
222
209
204
267
263
229
223
224
218
228
221
217
240
262
263
265
272
277
267
280
268
254
239
250
271
271
264
246
244
253
256
254
248
236
239
257
252
254
268
246
254
262
265
258
260
256
249
256
256
267
255
246
258
240
243
268
262
259
235
229
264
280
254
261
254
234
231
231
271
281
241
260
255
254
256
244
243
273
274
277
267
246
263
249
243
247
262
271
0
0
0
252
259
247
250
237
244
244
239
243
255
268
273
268
251
247
243
251
252
248
253
260
256
261
256
251
255
265
270
258
266
266
270
276
280
292
298
279
252
246
242
246
252
254
268
257
252
277
258
250
261
236
268
264
283
252
248
244
262
256
254
264
267
246
284
295
297
277
256
257
252
249
299
310
283
274
257
236
253
259
280
253
247
257
262
262
251
243
265
263
273
263
265
255
242
256
255
0
0
0
256
277
271
271
278
282
286
274
269
257
249
256
259
264
245
236
255
258
256
257
244
268
333
314
272
249
239
245
249
263
266
256
240
258
237
256
249
266
257
247
302
342
286
300
269
266
256
240
262
319
247
261
292
232
261
249
273
279
321
298
267
247
234
224
208
247
263
248
251
257
291
291
291
271
249
246
253
265
285
267
279
269
270
266
256
249
254
270
293
270
273
271
277
278
260
243
251
247
258
270
287
287
269
266
273
284
272
263
250
240
272
272
290
282
277
261
281
272
266
256
238
253
274
295
261
287
283
261
263
285
281
263
241
254
259
269
269
277
267
270
262
248
238
250
249
279
266
265
257
271
278
276
274
267
249
260
300
295
273
253
240
254
266
262
260
259
253
253
274
269
268
287
273
253
257
257
276
258
267
265
283
268
265
251
246
260
258
254
260
269
265
259
267
255
254
0
0
0
0
0
254
279
302
319
280
268
243
245
245
268
254
251
250
264
265
271
254
248
239
251
297
291
277
260
244
246
262
268
269
268
276
274
261
279
271
240
252
255
259
250
259
273
286
276
272
254
259
245
245
264
266
262
270
276
269
274
254
259
254
248
253
264
320
251
221
235
286
305
270
233
231
253
268
288
267
245
245
258
249
250
257
239
256
258
272
264
259
247
236
236
256
283
285
274
0
0
0
0
242
240
245
254
272
246
242
238
253
258
274
278
263
269
261
252
258
256
254
249
268
250
241
244
244
234
288
234
222
244
279
303
271
290
265
294
277
288
219
205
243
264
278
264
249
238
237
256
267
255
249
240
252
265
268
248
254
246
261
267
261
239
251
248
246
253
278
292
272
251
255
247
255
251
234
246
265
281
268
255
244
248
261
256
253
262
266
272
267
245
218
238
254
252
286
269
226
194
195
236
250
0
0
0
249
257
253
255
248
252
243
250
234
239
248
285
261
258
252
247
250
246
252
252
261
313
338
329
320
310
320
323
321
314
317
307
307
298
311
301
307
318
307
303
299
314
349
337
321
300
281
287
297
306
304
349
337
312
312
293
303
316
309
310
314
323
320
331
333
310
307
306
313
309
299
304
298
317
333
331
315
327
310
319
308
314
317
314
320
328
319
302
308
316
322
318
342
330
319
320
321
301
299
302
304
312
323
0
0
0
326
320
309
306
315
299
298
299
299
315
306
296
318
329
319
312
298
314
310
318
292
254
277
334
329
366
351
273
254
284
284
315
321
324
305
319
300
308
308
316
331
336
342
345
325
310
309
311
315
321
308
301
291
290
288
304
310
318
336
313
318
317
329
318
310
317
309
320
305
321
300
314
306
313
314
329
308
317
291
282
316
318
304
309
305
308
318
332
295
302
307
318
318
290
316
310
311
0
0
0
320
294
322
323
325
301
277
309
351
318
301
314
290
322
323
310
291
311
329
312
313
313
320
308
341
327
320
321
316
326
303
312
309
313
300
308
300
308
323
311
317
307
314
316
302
308
314
321
312
343
321
316
321
298
288
291
301
286
306
318
342
325
309
302
316
300
301
292
302
327
297
296
299
336
366
322
316
312
299
313
338
304
293
299
303
336
342
319
321
313
306
308
332
313
312
299
298
298
0
0
0
330
331
322
325
308
307
316
311
316
309
313
302
301
303
305
326
356
335
318
311
309
311
321
308
298
302
295
301
309
289
298
327
367
340
326
293
297
263
267
359
391
347
296
263
262
264
264
301
283
373
379
348
316
311
304
336
330
336
325
335
308
319
328
332
320
357
329
313
289
282
275
294
433
346
70
0
0
0
21
45
71
32
67
77
233
265
246
216
202
200
227
214
209
204
227
239
0
0
0
231
218
228
276
268
228
209
206
190
217
279
267
234
204
219
219
214
199
200
208
241
221
223
230
224
225
218
218
218
214
220
215
208
217
215
215
219
217
218
275
254
222
202
185
182
178
173
183
198
187
182
195
285
277
212
198
198
201
217
213
213
222
224
215
252
252
229
216
213
225
271
270
232
224
220
217
248
256
248
223
226
224
230
237
239
250
272
267
247
233
233
262
300
297
252
228
226
236
244
237
0
0
0
0
0
252
222
236
242
282
264
236
239
231
249
254
306
281
247
247
242
243
260
269
260
247
239
243
237
236
237
240
241
225
235
228
255
274
254
237
246
235
240
243
266
245
236
227
224
227
223
216
213
203
221
206
273
261
296
324
344
354
307
295
295
326
322
322
319
302
313
310
299
307
318
327
311
309
299
335
327
311
311
301
324
334
316
325
321
317
317
291
299
308
297
311
310
288
299
307
303
330
0
0
0
307
293
289
310
348
315
281
283
291
301
319
341
302
284
300
321
313
288
326
342
310
276
275
295
293
282
333
304
297
299
304
312
289
320
317
277
277
247
292
311
307
336
336
321
303
281
290
298
319
312
180
181
282
266
264
245
269
286
343
324
301
283
261
272
266
283
278
269
240
291
302
295
294
274
275
285
287
301
294
276
282
305
329
314
301
265
301
309
248
286
259
206
252
264
266
228
203
211
240
0
0
0
262
275
286
272
260
261
247
260
268
279
296
311
291
265
264
251
262
256
255
344
415
321
273
276
303
303
289
290
287
268
265
311
289
286
288
280
276
273
285
282
279
316
283
286
272
272
271
264
263
272
320
305
296
294
272
278
286
275
288
287
289
288
265
274
270
311
294
291
293
283
269
266
277
290
276
270
270
279
262
291
268
283
286
281
286
282
279
289
302
299
314
293
292
300
301
309
0
0
0
284
267
301
288
285
277
286
276
306
342
324
289
292
292
280
275
283
284
270
263
277
276
268
270
273
270
289
291
300
287
274
303
294
279
267
282
262
240
230
259
258
255
251
246
262
272
268
263
251
260
248
279
283
279
259
257
274
273
253
253
245
262
288
267
254
269
327
275
284
276
268
273
267
266
256
270
262
322
299
267
265
265
261
269
266
255
260
241
303
302
282
259
267
304
262
278
259
253
240
249
275
301
270
288
264
242
223
234
217
248
235
234
219
202
175
188
256
283
232
166
17
0
0
0
0
0
0
0
0
0
0
0
0
0
0
20
65
141
176
176
204
189
188
212
230
249
229
216
209
208
226
226
215
193
181
209
217
215
212
209
214
223
224
218
205
206
257
226
212
202
206
215
209
210
211
220
219
213
207
213
218
209
213
210
219
240
227
245
249
229
222
256
271
261
0
0
0
232
238
244
244
243
242
233
232
232
228
218
222
237
224
223
214
222
217
237
237
231
229
229
227
215
221
230
263
247
232
222
226
231
231
232
233
234
226
227
218
234
235
228
215
238
244
233
233
232
232
232
224
219
226
220
217
224
235
228
225
227
228
226
219
226
233
236
241
236
229
238
215
232
241
244
232
219
268
231
216
212
209
252
224
198
191
215
255
264
228
223
180
138
104
117
140
139
0
0
0
143
41
153
148
149
154
171
163
151
151
153
156
159
153
152
152
150
150
150
152
150
152
152
152
152
152
152
152
152
153
164
160
154
154
154
157
161
157
166
162
157
156
156
162
165
160
178
185
173
166
173
156
157
155
152
151
139
153
154
162
158
152
151
151
144
156
165
151
162
158
147
147
160
189
170
161
156
143
178
158
144
144
145
145
47
41
181
220
201
186
177
175
155
139
146
152
179
0
0
0
179
189
175
86
35
212
213
222
200
162
162
154
167
171
179
167
156
151
159
162
160
161
156
152
160
171
160
154
157
153
160
161
165
165
163
156
155
154
159
160
160
161
162
167
165
164
163
158
154
161
170
164
165
163
163
163
163
163
161
158
159
159
170
165
158
161
162
161
163
162
161
153
159
165
159
162
162
162
162
161
161
160
157
153
152
151
157
164
165
162
160
161
167
167
171
173
167
155
153
0
0
0
0
164
164
163
163
163
158
153
151
151
154
172
169
165
162
162
162
161
157
165
164
159
171
169
166
158
154
158
158
161
161
167
159
152
155
155
166
166
170
165
157
161
160
152
150
150
148
146
166
177
190
176
173
168
158
151
160
170
176
165
152
154
156
152
154
159
159
160
167
154
153
152
179
184
173
167
151
157
161
162
161
156
155
150
147
141
47
0
122
126
148
176
186
174
160
161
0
0
0
165
171
164
163
165
163
161
157
153
155
162
176
190
163
160
156
157
159
147
142
166
197
215
172
195
187
176
162
160
150
152
173
170
171
159
149
175
155
158
147
142
158
189
206
147
151
158
179
151
129
135
160
153
141
183
205
183
173
155
129
126
146
168
191
153
157
172
169
171
158
153
145
148
183
172
168
176
174
165
162
160
146
139
137
192
165
164
180
186
174
175
163
0
0
0
0
141
154
164
171
174
162
160
167
160
157
153
161
181
178
164
162
167
167
165
171
172
174
171
157
170
167
177
177
166
158
166
164
164
172
171
160
165
158
157
150
150
163
165
168
165
160
158
157
164
162
160
160
174
172
164
162
162
159
155
165
164
156
153
154
159
155
162
161
162
162
161
163
159
159
165
154
162
169
172
162
162
162
162
162
159
154
154
161
193
183
177
166
159
163
163
164
161
155
156
156
186
150
142
143
143
143
75
150
156
140
132
133
158
184
187
139
124
124
127
129
161
181
198
187
148
177
171
171
163
170
166
159
159
158
159
159
158
153
152
156
151
158
155
157
163
158
158
158
159
163
155
148
149
158
157
167
169
161
161
160
159
160
158
158
155
162
161
158
168
166
158
156
158
166
175
165
158
150
154
158
150
155
150
152
154
155
156
149
146
133
131
154
170
162
163
159
162
171
163
194
185
158
190
173
130
143
147
0
0
0
150
147
158
171
171
161
150
146
148
135
141
140
196
219
181
161
159
153
147
146
149
149
154
154
156
161
162
157
156
156
150
164
173
168
156
151
151
173
191
203
171
163
162
155
153
150
149
162
163
167
169
162
160
161
161
163
157
155
150
148
150
158
170
169
162
160
160
160
160
160
160
158
169
166
166
157
159
154
156
159
159
158
155
151
161
171
167
160
155
157
166
174
173
166
161
161
160
163
160
166
135
20
0
0
0
169
189
211
202
215
188
172
169
166
164
165
165
161
163
156
156
154
154
150
160
165
163
169
165
165
165
161
165
158
167
170
173
174
177
181
177
168
166
163
154
153
156
151
156
159
158
158
163
163
175
173
175
173
178
171
177
167
178
174
167
167
167
166
168
177
158
176
174
171
168
171
168
171
168
168
163
157
151
148
149
162
197
234
187
159
148
158
158
163
164
160
164
145
187
0
0
0
182
169
167
163
172
165
155
159
162
160
157
166
167
167
166
160
158
155
169
188
169
155
152
152
157
163
162
163
162
153
152
176
186
184
178
176
176
177
168
167
165
159
154
154
157
156
165
162
178
169
167
170
166
165
176
180
169
156
156
154
158
162
163
163
163
174
174
170
178
184
174
177
181
159
166
160
164
165
165
163
178
183
195
193
180
166
153
157
154
142
157
153
156
160
154
154
151
158
173
0
0
0
165
165
159
150
155
147
150
149
162
153
156
172
184
219
206
174
161
153
152
143
146
149
162
159
158
158
159
160
171
169
179
174
168
159
163
163
162
162
160
160
161
169
159
178
169
157
166
169
175
170
164
164
164
164
164
155
153
149
148
152
163
172
166
165
162
163
163
162
161
168
155
164
164
170
164
158
158
158
162
164
161
162
169
167
167
172
164
173
173
167
173
167
166
0
0
0
160
163
162
162
168
166
162
163
164
159
155
150
158
179
177
151
165
170
167
170
221
177
160
155
143
132
138
138
148
144
178
214
229
191
137
139
144
149
149
142
151
147
139
135
142
144
137
25
24
210
242
210
167
153
156
138
165
170
163
176
170
174
182
191
163
159
158
156
164
155
157
154
158
166
151
149
155
157
165
155
157
151
152
156
157
159
154
158
165
162
163
0
0
0
158
157
157
157
156
162
167
171
157
147
150
161
164
157
159
162
157
157
157
152
160
152
160
174
190
190
165
163
163
162
161
158
158
154
153
152
155
168
167
162
161
161
161
161
166
159
150
151
148
149
159
165
172
175
164
168
167
157
154
151
152
146
150
171
170
179
169
163
164
168
160
159
172
159
147
150
154
169
164
162
165
169
164
164
180
187
198
161
152
159
164
175
198
0
0
0
195
184
179
163
156
151
174
195
182
182
173
168
159
172
182
171
175
170
166
158
162
162
156
164
190
181
194
177
158
158
166
169
167
173
176
179
178
166
163
163
159
171
196
186
175
176
170
162
158
166
163
166
186
199
200
194
180
164
159
173
177
179
167
177
168
172
177
182
180
165
160
161
175
182
174
164
162
162
175
179
191
181
181
191
167
153
149
148
163
173
186
197
191
180
169
164
153
157
160
164
186
0
0
0
180
167
163
170
185
188
177
171
159
168
172
170
171
180
182
176
178
171
173
175
179
188
184
169
169
161
160
167
155
159
172
186
194
175
178
171
171
176
178
189
180
182
176
159
157
164
170
167
168
172
176
176
180
181
179
176
174
172
183
175
163
167
171
171
180
177
174
166
166
169
181
191
212
189
177
166
173
179
177
196
193
201
180
175
177
182
182
181
170
187
194
179
175
190
182
190
199
196
198
188
0
0
0
171
175
174
179
192
197
196
193
191
190
170
181
186
178
183
182
185
190
195
211
211
195
167
162
171
172
146
163
160
163
192
203
190
186
172
180
186
190
186
188
188
183
177
190
201
173
201
183
169
165
167
169
179
173
188
195
197
197
202
211
195
192
194
179
182
186
186
181
177
169
167
174
172
176
182
191
198
197
197
194
187
186
175
188
187
188
188
192
191
179
170
164
173
171
177
189
195
189
189
184
170
163
0
0
0
0
0
0
201
184
180
179
183
204
177
180
185
198
192
36
20
203
250
246
223
217
193
196
175
176
189
177
181
179
124
174
203
219
213
181
168
172
180
189
198
205
195
188
195
187
176
189
185
195
196
208
209
185
168
157
166
167
167
178
177
196
222
230
205
189
179
201
202
191
194
185
215
225
204
205
190
175
173
191
198
194
191
196
190
195
205
204
208
212
189
191
199
187
179
190
195
189
180
181
195
191
186
0
0
0
194
200
215
210
216
211
194
192
198
211
202
197
194
202
198
193
186
192
190
189
190
187
177
187
191
203
202
181
190
192
192
189
193
192
222
231
234
224
186
200
197
202
196
191
172
177
179
180
179
176
187
220
199
191
182
167
172
176
185
193
174
177
188
180
199
195
187
203
214
219
211
185
186
183
187
181
183
221
227
207
179
187
188
186
199
197
210
205
191
195
206
195
203
196
193
198
188
191
179
207
0
0
0
0
0
213
215
199
202
202
194
189
192
184
179
181
195
218
236
205
195
211
222
232
218
204
202
214
220
232
223
210
201
209
210
198
219
228
231
211
195
194
185
199
202
222
281
223
198
187
183
187
192
213
232
227
219
218
207
214
212
212
211
206
198
198
195
196
266
267
225
193
193
188
230
243
219
216
228
214
193
198
197
194
198
206
214
223
202
204
208
203
208
212
210
213
217
279
234
201
195
191
189
203
189
0
0
0
0
0
209
200
245
261
231
222
212
228
216
212
203
207
205
207
206
202
204
204
220
226
232
244
224
213
212
208
209
218
263
265
234
222
233
232
229
224
227
224
229
214
219
209
211
224
220
220
206
221
220
237
206
211
216
221
241
237
247
246
226
238
224
210
216
206
232
223
222
226
227
210
212
218
222
218
204
208
216
217
195
204
201
207
208
223
251
248
229
210
202
203
204
197
199
193
193
230
245
211
238
240
204
210
193
191
206
203
216
239
252
214
211
235
237
235
209
215
213
215
246
24
0
0
0
122
402
331
241
238
230
225
219
215
212
232
224
212
210
208
217
209
196
241
247
212
217
211
205
226
239
241
228
225
210
217
220
226
258
241
226
227
245
216
231
245
235
229
237
240
232
215
261
222
220
239
220
211
201
195
288
249
227
237
220
223
242
249
276
281
243
242
267
260
223
203
0
0
0
231
201
187
196
209
206
207
224
244
255
232
229
220
227
226
223
215
220
231
241
251
256
239
236
235
230
229
229
220
220
234
231
246
241
238
234
234
231
233
235
242
234
231
222
223
222
233
232
239
235
233
226
239
233
233
238
244
231
223
218
221
224
223
223
241
236
239
235
240
244
243
227
248
268
260
273
253
239
228
246
248
245
249
235
244
245
246
253
259
251
240
248
245
0
0
0
240
260
246
246
243
233
243
242
245
244
243
236
219
208
199
196
248
303
326
256
242
246
238
224
234
263
289
262
235
231
234
245
250
253
247
241
244
253
250
229
243
237
249
250
251
268
281
249
243
240
254
254
259
243
252
259
248
253
256
254
259
263
246
251
249
248
255
250
240
251
251
245
256
258
258
252
239
257
256
238
240
244
260
269
258
256
255
279
265
254
263
277
260
255
249
227
235
244
265
0
0
0
253
255
233
256
252
232
231
255
260
263
263
264
254
258
242
250
238
242
246
239
250
255
256
256
264
256
258
259
246
231
240
249
252
247
243
246
249
256
247
247
254
243
241
231
268
271
267
281
276
272
240
257
257
263
257
242
235
242
260
268
262
252
249
244
251
266
276
276
262
241
237
238
241
245
248
260
263
256
274
259
262
256
245
262
256
248
257
250
235
251
260
257
255
249
249
257
254
260
262
254
232
227
266
250
0
0
0
249
277
253
242
244
248
248
259
261
267
258
275
260
255
250
243
232
257
309
284
226
224
252
262
273
280
256
275
287
273
257
233
242
175
216
214
233
232
274
281
227
246
241
251
246
255
261
238
268
275
263
251
245
230
236
255
242
239
257
275
268
287
265
274
279
269
276
285
263
246
282
275
246
254
253
228
249
251
267
253
259
258
249
245
247
379
102
21
140
11
260
343
337
289
275
246
271
277
252
233
244
0
0
0
243
234
249
254
262
264
241
252
238
242
247
233
248
249
240
234
253
260
267
257
263
253
248
259
291
308
301
280
271
276
276
281
275
292
296
296
300
309
300
298
302
302
298
281
290
291
284
275
277
287
282
293
309
296
291
285
287
297
309
307
302
273
287
282
288
291
291
318
313
300
283
283
287
284
318
299
292
305
317
315
301
290
283
298
265
293
329
313
291
319
301
307
294
300
295
298
320
306
298
321
311
306
306
306
292
299
277
288
296
282
300
281
300
300
300
297
295
302
299
279
287
298
287
293
289
278
292
313
285
279
280
288
275
289
241
187
272
318
320
300
302
298
285
280
284
315
306
303
291
294
297
294
288
284
316
321
305
290
300
293
288
255
193
297
287
260
282
288
261
284
276
279
274
312
287
288
284
279
272
273
281
284
269
285
302
330
299
286
279
252
294
344
325
314
301
317
308
281
265
0
0
0
285
279
285
287
273
295
298
321
298
275
278
273
273
268
296
278
282
355
322
307
297
280
279
263
265
280
262
295
266
265
286
268
272
324
300
276
273
314
303
287
283
289
294
285
255
266
295
263
276
299
264
270
269
281
267
283
279
270
239
256
255
276
311
272
269
272
272
278
285
303
286
284
281
266
279
270
282
246
193
229
323
321
296
297
295
283
306
310
286
270
304
292
274
264
0
0
0
306
209
304
301
301
283
280
267
282
291
281
291
325
308
295
295
311
296
232
185
196
276
260
268
278
293
318
297
283
289
287
298
286
280
277
260
255
254
282
276
274
291
281
293
291
276
265
269
253
254
246
267
284
261
214
228
231
219
241
238
235
244
242
253
239
235
267
289
274
264
270
261
259
262
259
253
250
247
250
252
261
253
250
241
257
247
243
256
254
252
249
276
259
246
224
252
252
260
248
268
249
231
239
291
283
258
252
265
242
247
296
283
277
264
255
271
286
281
284
285
273
277
260
253
254
268
252
233
243
243
257
255
258
250
241
236
238
240
249
278
264
253
271
250
245
247
259
255
269
254
246
241
253
246
254
284
268
252
264
271
282
279
260
257
296
297
284
274
267
262
254
251
272
264
249
257
295
283
278
291
278
285
284
275
279
283
282
282
267
254
251
280
271
274
244
243
245
0
0
0
229
349
354
340
301
293
294
316
290
287
293
340
283
156
95
127
202
194
267
303
273
249
258
255
240
244
260
241
244
253
258
260
260
264
257
257
248
245
245
245
247
232
247
267
271
269
275
273
262
258
247
247
234
248
260
257
253
292
262
270
264
296
277
255
270
253
253
260
261
267
261
261
258
246
245
256
256
218
249
271
263
245
284
284
271
257
239
230
254
263
249
238
243
239
229
267
256
0
0
0
263
253
262
262
289
272
260
250
266
264
252
252
246
247
232
243
246
249
276
240
179
233
252
272
282
276
256
243
235
223
243
242
250
257
272
282
278
284
277
272
269
263
260
262
261
251
250
288
303
289
268
264
281
284
270
267
282
273
274
271
266
270
268
264
251
266
255
245
248
255
273
265
278
243
153
130
254
343
337
310
294
298
294
329
316
286
275
293
317
318
314
308
311
285
269
233
245
286
270
0
0
0
243
245
305
275
259
245
245
247
234
230
232
255
240
297
316
287
247
160
128
307
355
362
332
323
343
339
327
329
308
306
299
53
17
6
8
13
37
123
163
172
166
136
160
167
142
148
151
145
147
147
145
144
160
186
189
161
146
146
145
147
180
182
169
146
147
145
140
151
173
151
151
149
149
150
147
154
154
176
169
155
153
153
153
153
153
150
151
170
187
169
159
150
150
155
155
158
159
161
157
157
158
0
0
0
156
156
157
157
159
159
157
157
157
174
174
160
159
159
155
153
156
148
154
185
219
166
145
145
146
155
160
157
158
150
157
157
146
154
155
168
170
164
158
148
136
144
157
173
167
157
149
156
159
161
170
165
163
153
149
144
140
155
158
162
162
160
153
165
155
149
165
156
153
153
140
144
142
167
159
154
153
155
155
152
147
137
131
132
169
137
131
146
150
152
161
142
175
117
13
61
61
157
166
153
155
158
160
157
151
144
0
0
0
150
139
147
147
157
165
150
155
149
149
149
150
177
185
154
151
140
133
137
131
138
147
147
146
146
146
146
146
147
148
159
162
160
162
151
149
145
144
148
144
140
157
156
159
152
150
151
155
143
148
152
152
154
180
162
147
134
142
133
65
3
78
79
0
135
143
159
194
224
201
180
160
145
135
70
12
115
161
171
148
129
128
128
133
153
142
131
138
142
144
152
140
137
136
137
145
147
138
0
0
0
150
134
136
141
143
152
191
163
146
140
142
146
146
146
147
149
145
143
144
162
220
204
156
151
150
152
150
147
147
146
151
150
147
153
155
150
149
145
150
150
150
149
149
159
186
173
157
153
153
153
156
156
179
172
159
168
163
140
139
159
157
156
156
153
144
161
175
175
188
233
220
205
205
213
205
194
271
249
273
287
315
325
318
295
280
284
334
319
319
294
285
303
309
303
0
0
0
313
307
304
308
306
312
302
302
301
288
314
307
335
299
294
297
308
326
300
292
294
312
308
310
298
298
310
311
290
297
305
309
292
308
307
305
295
292
290
309
319
362
342
304
288
283
310
324
322
313
308
298
317
313
321
296
300
295
296
286
288
292
330
297
297
293
299
289
284
276
299
304
298
287
287
283
297
280
295
308
292
289
311
320
323
290
282
292
330
302
290
307
289
289
324
312
327
334
300
328
304
204
15
11
11
11
123
170
177
156
128
130
145
141
94
59
130
204
211
184
173
170
162
161
163
170
173
171
166
158
163
166
172
170
167
166
168
171
170
168
169
170
169
170
167
168
168
167
167
167
168
173
175
183
182
172
172
170
168
170
170
171
170
170
172
173
179
173
174
175
175
176
176
177
177
172
172
181
181
196
208
189
188
185
183
187
179
180
172
162
174
179
186
179
0
0
0
171
166
179
174
174
180
175
175
172
163
168
177
176
164
150
156
167
169
180
166
166
169
171
190
185
224
310
314
325
303
293
299
301
294
300
295
290
301
303
295
292
313
317
314
299
292
305
313
309
294
289
288
297
324
339
339
303
292
307
303
309
316
313
304
297
297
297
295
292
294
308
339
334
310
289
293
298
314
347
311
309
305
300
296
281
284
300
341
296
287
286
308
360
330
306
279
286
307
306
302
293
286
0
0
0
297
305
309
323
294
291
281
302
298
329
292
307
307
276
303
312
340
313
330
297
312
304
310
298
300
303
294
311
308
313
303
287
288
319
333
320
272
275
285
424
193
25
0
0
0
0
0
30
90
102
134
150
182
168
108
156
197
177
168
164
162
162
164
168
166
165
159
147
149
157
162
168
168
163
160
158
160
161
161
162
157
102
22
165
232
193
186
167
162
149
152
160
160
162
161
157
153
156
160
156
163
160
167
168
158
0
0
0
148
143
154
178
167
157
157
157
156
157
157
111
16
33
153
213
204
181
160
154
154
154
155
157
144
154
170
158
164
161
155
147
139
145
152
162
165
159
164
161
142
128
134
144
148
149
153
154
153
161
185
213
288
213
253
284
293
314
317
324
305
285
289
306
329
320
298
285
273
287
305
323
323
296
296
288
303
301
307
295
281
283
286
298
318
323
302
303
299
307
297
294
271
332
332
298
308
0
0
0
289
268
280
312
314
300
289
294
295
306
347
307
275
260
273
283
361
274
319
321
284
293
303
293
300
296
305
317
312
290
301
310
315
309
294
294
279
291
303
301
306
317
305
304
295
294
281
296
344
318
293
269
291
315
283
298
295
312
302
320
334
316
288
334
299
320
348
333
298
190
17
0
0
0
4
60
86
120
148
153
168
176
178
178
183
187
192
182
151
144
132
61
5
5
120
165
176
211
0
0
0
165
155
157
174
186
176
174
155
161
169
165
155
132
142
155
166
173
168
162
161
156
156
159
159
159
162
169
153
155
158
161
169
163
163
159
158
158
158
165
167
165
155
156
156
160
159
159
160
160
161
166
165
175
166
162
143
144
158
150
152
197
174
143
144
144
141
132
189
180
158
138
149
162
155
156
158
151
139
124
70
85
170
188
190
174
163
165
161
157
157
166
182
200
247
294
183
0
0
0
0
0
0
0
0
292
302
310
301
288
294
317
333
319
324
341
350
336
328
321
321
321
328
301
314
331
340
295
292
290
316
339
314
294
310
315
307
304
291
327
313
285
271
289
291
333
313
329
314
307
288
295
290
325
298
311
288
311
302
311
309
306
294
307
301
248
260
258
346
350
306
267
275
284
250
200
308
357
343
306
285
285
287
315
305
296
277
287
324
303
293
286
285
275
297
309
296
284
291
271
0
0
0
307
328
306
311
325
320
299
261
148
44
0
0
0
0
0
31
115
187
181
168
176
184
181
166
156
162
171
169
166
168
174
171
170
170
165
168
168
167
167
164
164
166
169
171
168
162
163
179
168
160
159
164
165
163
163
178
180
172
169
175
175
175
172
173
173
171
162
152
148
161
165
153
154
162
162
163
166
164
164
164
164
163
163
163
162
162
162
162
162
162
163
163
163
162
163
163
162
160
162
171
172
168
163
163
158
0
0
0
158
160
160
160
160
160
164
164
162
162
161
161
161
162
162
162
162
163
163
169
276
254
185
281
333
352
348
323
293
287
298
308
300
299
308
299
296
295
281
303
314
320
302
298
289
295
320
307
296
291
281
283
356
357
327
291
288
266
314
314
315
300
299
301
316
316
311
289
307
317
342
306
299
292
298
290
306
301
291
295
295
292
283
301
295
303
293
293
270
288
283
303
297
296
287
277
283
277
0
0
0
262
307
314
311
308
312
312
296
310
309
313
292
298
293
317
354
340
283
274
270
157
109
271
336
276
260
246
291
307
280
272
273
271
349
288
217
237
243
137
83
15
25
26
74
106
120
149
198
207
149
149
144
186
196
194
184
184
184
177
178
180
171
158
168
180
173
168
159
164
160
170
173
174
179
181
186
173
162
178
198
160
167
169
178
179
192
178
176
182
178
156
168
219
189
187
180
0
0
0
175
151
138
160
182
196
184
173
170
170
171
175
173
172
183
172
174
178
176
173
168
134
126
139
157
161
162
162
162
164
173
170
164
159
155
151
144
153
157
159
160
159
159
166
167
161
161
161
164
173
169
155
155
161
160
166
170
163
165
171
177
194
234
261
261
294
294
278
286
324
285
291
314
337
323
318
295
319
308
324
318
337
337
351
339
314
323
313
308
316
299
307
330
337
318
303
305
285
0
0
0
318
339
334
294
304
319
330
342
318
291
288
299
279
215
220
342
331
331
328
328
332
324
314
324
300
312
315
286
293
326
327
309
288
294
315
331
314
310
307
288
289
303
322
312
307
287
251
322
426
384
337
301
299
299
344
329
312
300
307
295
304
277
285
313
322
187
232
348
349
334
298
289
290
308
315
281
286
323
314
7
0
0
0
0
0
0
22
119
181
159
163
164
176
178
187
177
161
100
0
0
0
149
161
161
154
148
154
166
175
161
160
160
157
157
158
176
203
146
153
171
175
162
170
169
157
139
179
204
150
136
121
148
174
166
151
154
157
158
162
160
158
161
160
159
165
166
152
141
150
150
165
161
157
157
156
156
156
154
152
154
161
189
273
241
175
147
129
130
142
144
144
152
163
148
148
159
193
211
163
158
158
162
156
140
148
154
157
158
158
158
159
176
176
163
166
160
156
159
172
196
208
305
328
324
327
299
295
292
307
294
280
282
272
289
329
349
333
322
298
317
326
324
306
306
282
257
256
257
248
260
285
259
260
256
233
279
277
322
450
295
279
244
292
367
376
308
292
287
267
249
206
243
238
189
264
332
301
322
315
326
289
305
316
320
315
308
316
312
286
294
307
302
337
305
299
272
305
297
304
327
368
362
306
293
302
326
325
291
297
308
332
309
215
233
321
0
0
0
327
303
303
303
304
308
309
304
293
304
287
275
181
210
297
315
341
370
316
110
95
105
110
37
20
11
61
109
149
183
186
187
187
187
210
207
222
232
213
182
114
143
149
142
178
189
188
185
176
176
178
179
162
148
154
164
180
199
188
180
177
177
179
183
178
186
188
184
182
181
180
181
181
180
165
165
177
179
179
176
164
174
176
175
173
184
180
177
177
176
176
161
142
143
0
0
0
169
165
159
161
163
163
157
162
169
170
162
165
159
160
174
179
187
176
170
160
153
175
178
153
158
150
159
162
161
161
160
160
160
159
157
155
153
154
154
154
154
155
155
155
163
189
168
174
203
266
271
299
300
292
289
309
305
293
289
290
298
301
321
311
316
316
300
294
305
300
313
298
310
300
316
308
300
318
319
304
316
319
315
332
249
310
305
295
232
221
316
349
348
334
309
297
308
302
323
329
310
296
289
301
295
291
305
300
301
277
296
285
330
343
293
294
295
317
311
287
278
280
297
303
315
298
297
285
318
263
155
139
292
313
288
275
261
270
287
369
270
246
270
191
181
251
314
327
296
295
329
323
290
288
278
293
273
253
283
313
331
395
355
301
266
36
0
0
0
0
0
5
51
164
177
171
191
217
233
221
181
157
98
77
125
167
169
167
167
166
166
170
170
168
176
173
159
160
162
169
182
184
0
0
0
0
169
163
161
198
237
156
164
154
159
164
166
147
135
178
165
192
196
165
159
144
153
136
126
162
176
194
209
178
170
154
141
141
148
162
162
162
162
162
166
165
171
193
161
140
142
168
171
160
147
146
157
158
160
162
161
160
160
160
162
161
164
164
163
172
166
167
174
156
149
159
161
160
160
161
165
168
190
242
189
216
333
340
341
316
319
321
301
306
314
305
305
303
307
326
354
353
341
317
311
310
321
0
0
0
352
244
314
320
313
315
326
328
334
319
304
324
335
322
318
297
310
313
337
335
297
193
214
329
348
333
328
333
324
328
327
342
321
327
339
329
309
330
330
329
305
303
318
363
350
327
322
304
295
316
291
319
326
327
309
331
326
307
312
288
296
289
300
304
294
295
305
307
291
203
334
383
348
314
282
247
328
339
318
288
273
273
267
276
171
235
306
328
360
339
319
291
304
126
31
24
0
0
0
47
137
137
119
121
201
185
177
168
166
164
167
170
172
175
177
171
171
159
142
158
164
170
170
158
146
156
161
160
160
168
165
167
168
164
164
158
153
157
158
159
158
159
159
159
160
160
161
160
158
155
158
158
158
158
156
152
181
212
162
150
164
164
160
166
173
169
149
153
157
149
150
154
137
133
170
156
158
173
167
156
157
146
152
158
145
138
149
151
151
152
154
154
154
154
147
140
151
172
190
171
0
0
0
152
155
154
154
153
150
150
150
152
156
188
151
204
309
319
320
295
285
291
289
305
315
324
305
299
292
308
288
308
297
293
305
304
314
314
316
343
339
334
311
291
300
304
313
356
329
312
309
321
301
340
340
328
307
307
307
309
298
301
321
306
286
305
305
355
363
308
315
253
253
161
347
358
347
304
286
288
291
338
332
311
302
300
305
308
308
295
296
296
295
298
290
289
290
292
0
0
0
0
0
311
58
284
279
293
288
309
331
332
324
280
192
127
255
279
359
266
303
290
293
293
296
312
269
253
167
172
344
382
319
295
143
0
0
0
0
0
0
16
107
149
161
160
179
195
176
168
173
170
169
168
167
167
166
163
151
155
164
163
166
168
167
170
176
179
167
165
167
167
164
162
139
135
160
167
161
160
159
159
159
159
159
159
159
159
159
159
160
160
160
158
155
157
159
159
158
158
159
159
159
159
159
160
164
164
165
167
161
161
161
155
157
160
160
159
159
159
159
159
159
162
162
163
163
159
152
136
154
166
160
156
157
158
157
158
157
156
156
154
153
168
170
162
160
152
154
156
154
154
154
154
162
219
227
124
132
259
326
326
316
301
299
298
303
299
289
308
310
297
285
312
320
335
323
319
315
332
335
320
317
302
290
327
330
358
366
348
344
318
338
358
329
294
306
295
0
0
0
239
233
359
323
337
304
320
324
314
331
331
297
296
298
299
298
305
318
300
311
303
292
300
316
337
312
306
293
325
314
285
295
298
296
279
288
277
289
300
285
279
274
264
142
88
137
172
185
260
208
109
90
47
6
6
63
107
147
160
153
120
99
124
131
123
181
185
182
182
163
158
157
155
157
153
155
155
154
153
167
166
162
157
157
156
164
171
158
144
148
154
153
147
142
150
149
149
149
149
148
148
148
141
141
141
133
147
147
127
133
151
170
167
150
149
149
149
152
154
162
154
151
152
153
151
151
151
151
151
151
152
152
152
154
153
154
156
154
160
156
155
155
155
154
154
154
155
155
155
155
156
155
156
157
162
157
157
156
157
156
156
155
162
163
158
158
158
158
157
157
156
154
152
149
150
153
153
153
153
152
152
151
161
160
153
153
153
153
150
148
151
140
130
149
148
136
132
130
139
148
148
147
145
144
144
145
147
143
141
139
143
150
138
131
135
141
139
133
133
139
134
134
127
143
144
112
84
81
98
99
99
112
105
82
85
86
85
82
83
90
98
98
89
91
115
107
103
101
92
92
92
99
123
137
126
100
98
98
97
97
97
97
99
99
119
99
88
87
90
103
110
98
101
107
124
95
81
78
76
71
68
78
89
92
92
92
91
91
91
91
91
91
91
90
90
90
90
92
93
92
102
118
105
112
122
110
107
107
0
0
0
116
103
102
101
102
107
100
87
98
113
104
100
100
100
100
100
100
99
99
99
102
123
154
138
115
105
105
105
105
105
105
105
105
105
105
104
104
120
113
107
106
107
107
109
115
113
110
110
110
112
113
115
113
111
112
112
111
111
111
111
111
112
113
113
112
111
113
113
110
112
112
119
114
113
113
112
112
112
112
112
111
112
115
47
41
124
116
111
131
127
120
112
116
125
116
111
110
0
0
0
103
83
6
6
84
151
144
146
125
107
106
108
108
110
114
111
113
111
109
109
109
109
108
108
108
108
107
108
108
108
108
108
107
107
107
105
106
106
110
118
117
109
109
109
109
108
108
108
108
108
109
109
109
109
109
109
110
110
110
108
98
108
130
118
111
110
110
105
100
106
109
109
108
118
130
62
130
116
110
114
117
111
117
106
110
106
102
108
108
108
108
108
106
106
101
96
103
105
94
0
0
0
0
100
106
111
121
116
108
111
103
102
110
118
122
99
89
99
104
107
105
102
89
94
102
99
93
84
15
0
0
0
17
108
120
117
108
100
100
100
103
92
105
126
119
111
101
99
109
98
28
17
90
131
131
117
116
107
107
111
110
109
104
105
105
106
107
105
105
106
111
126
141
123
114
111
110
110
110
110
110
110
110
114
114
117
112
111
111
111
111
112
112
112
112
112
112
112
111
111
117
112
113
117
112
112
110
111
112
111
104
104
106
105
118
152
117
120
106
93
91
102
98
102
102
96
94
86
97
101
101
102
102
101
105
118
129
105
61
27
113
117
107
102
38
7
100
123
103
104
102
102
101
101
101
101
101
102
103
102
102
102
101
101
101
101
101
101
101
101
102
109
105
104
106
110
112
112
106
108
107
106
107
116
108
107
107
107
107
107
107
107
107
108
107
107
107
109
113
109
108
108
108
108
0
0
0
107
33
140
119
109
101
103
114
36
109
136
125
110
107
108
131
127
124
112
100
107
114
114
103
98
108
109
109
108
32
4
4
31
16
16
18
170
134
110
119
126
118
125
119
109
109
106
104
104
102
99
101
99
58
5
23
23
128
123
107
95
103
102
106
106
99
99
117
159
140
116
116
106
106
106
105
105
105
105
104
104
105
105
105
105
105
105
105
105
105
105
105
105
105
105
106
106
105
103
105
105
